nCtrl <- 50
nCase <- 50
p <- 1000
